id,date,price,bedrooms,bathrooms,sqft_living,sqft_lot,floors,waterfront,view,condition,grade,sqft_above,sqft_basement,yr_built,zipcode,sqft_living15,sqft_lot15
6762700020,2014-10-13,7700000.0,6,8.0,12050,27600,2.5,NO,GOOD,Good,Mansion,8570,3480.0,1910,98102,3940,8800
9808700762,2014-06-11,7060000.0,5,4.5,10040,37325,2.0,YES,AVERAGE,Average,Excellent,7680,2360.0,1940,98004,3930,25449
9208900037,2014-09-19,6890000.0,6,7.75,9890,31374,2.0,NO,EXCELLENT,Average,Mansion,8860,1030.0,2001,98039,4540,42730
8907500070,2015-04-13,5350000.0,5,5.0,8000,23985,2.0,NO,EXCELLENT,Average,Luxury,6720,1280.0,2009,98004,4600,21750
1247600105,2014-10-20,5110000.0,5,5.25,8010,45517,2.0,YES,EXCELLENT,Average,Luxury,5990,2020.0,1999,98033,3430,26788
1924059029,2014-06-17,4670000.0,5,6.75,9640,13068,1.0,YES,EXCELLENT,Average,Luxury,4820,4820.0,1983,98040,3270,10454
7738500731,2014-08-15,4500000.0,5,5.5,6640,40014,2.0,YES,EXCELLENT,Average,Luxury,6350,290.0,2004,98155,3030,23408
3835500195,2014-06-18,4490000.0,4,3.0,6430,27517,2.0,NO,NONE,Average,Luxury,6430,0.0,2001,98004,3720,14592
6065300370,2015-05-06,4210000.0,5,6.0,7440,21540,2.0,NO,NONE,Average,Luxury,5550,1890.0,2003,98006,4740,19329
6447300265,2014-10-14,4000000.0,4,5.5,7080,16573,2.0,NO,NONE,Average,Luxury,5760,1320.0,2008,98039,3140,15996
8106100105,2014-11-14,3850000.0,4,4.25,5770,21300,2.0,YES,EXCELLENT,Good,Excellent,5770,0.0,1980,98040,4620,22748
853200010,2014-07-01,3800000.0,5,5.5,7050,42840,1.0,NO,AVERAGE,Good,Mansion,4320,2730.0,1978,98004,5070,20570
2303900100,2014-09-11,3800000.0,3,4.25,5510,35000,2.0,NO,EXCELLENT,Average,Mansion,4910,600.0,1997,98177,3430,45302
7397300170,2014-05-30,3710000.0,4,3.5,5550,28078,2.0,NO,AVERAGE,Good,Luxury,3350,2200.0,2000,98039,2980,19602
4389201095,2015-05-11,3650000.0,5,3.75,5020,8694,2.0,NO,FAIR,Average,Luxury,3970,1050.0,2007,98004,4190,11275
4217402115,2015-04-21,3650000.0,6,4.75,5480,19401,1.5,YES,EXCELLENT,Very Good,Excellent,3910,1570.0,1936,98105,3510,15810
2425049063,2014-09-11,3640000.0,4,3.25,4830,22257,2.0,YES,EXCELLENT,Good,Excellent,4830,0.0,1990,98039,3820,25582
3625049042,2014-10-11,3640000.0,5,6.0,5490,19897,2.0,NO,NONE,Average,Luxury,5490,0.0,2005,98039,2910,17600
2525049148,2014-10-07,3420000.0,5,5.0,5450,20412,2.0,NO,NONE,Average,Excellent,5450,?,2014,98039,3160,17825
1118000320,2015-05-08,3400000.0,4,4.0,4260,11765,2.0,NO,NONE,Average,Excellent,3280,980.0,1939,98112,4260,10408
9808100150,2015-04-02,3350000.0,5,3.75,5350,15360,1.0,NO,FAIR,Average,Excellent,3040,2310.0,2008,98004,3740,15940
1346300150,2014-10-20,3300000.0,8,4.0,7710,11750,3.5,NO,NONE,Very Good,Luxury,6090,1620.0,1904,98112,4210,8325
3625059152,2014-12-30,3300000.0,3,3.25,4220,41300,1.0,YES,EXCELLENT,Good,Excellent,2460,1760.0,1958,98008,3810,30401
7524900003,2014-12-10,3280000.0,2,1.75,6840,10000,2.5,YES,EXCELLENT,Average,Excellent,4350,2490.0,2001,98008,3120,12300
251500080,2014-08-26,3200000.0,4,4.0,4810,18851,2.0,NO,GOOD,Average,Excellent,4810,0.0,2007,98004,3970,19929
624069108,2014-08-12,3200000.0,4,3.25,7000,28206,1.0,YES,EXCELLENT,Good,Luxury,3500,3500.0,1991,98075,4913,14663
1068000375,2014-09-23,3200000.0,6,5.0,7100,18200,2.5,NO,NONE,Average,Mansion,5240,1860.0,1933,98199,3130,6477
7159200005,2014-05-07,3200000.0,7,4.5,6210,8856,2.5,NO,AVERAGE,Very Good,Excellent,4760,1450.0,1910,98109,2940,5400
333100295,2014-11-24,3120000.0,3,3.5,4490,56609,2.0,YES,EXCELLENT,Average,Luxury,4490,0.0,1993,98034,2710,51330
2424049029,2014-05-29,3100000.0,6,4.25,6980,15682,3.0,NO,EXCELLENT,Good,Luxury,5330,1650.0,1999,98040,3930,18367
3025059093,2014-07-29,3100000.0,5,5.25,5090,23669,2.0,NO,NONE,Average,Luxury,5090,0.0,2006,98004,3830,22605
4131900066,2014-08-25,3100000.0,3,3.0,3920,13085,2.0,YES,EXCELLENT,Good,Excellent,3920,0.0,1996,98040,3450,13287
1118000340,2015-04-08,3000000.0,5,3.75,4590,11265,2.0,NO,NONE,Good,Excellent,3450,1140.0,1927,98112,3870,8996
518500480,2014-08-11,3000000.0,3,3.5,4410,10756,2.0,YES,EXCELLENT,Average,Excellent,3430,980.0,2014,98056,3550,5634
3303850390,2014-12-12,2980000.0,5,5.5,7400,18898,2.0,NO,GOOD,Average,Mansion,6290,1110.0,2001,98006,6110,26442
2524049166,2014-09-18,2950000.0,5,4.75,6240,47480,1.0,NO,GOOD,Average,Excellent,4610,1630.0,2003,98040,4170,17668
3625049014,2014-08-29,2950000.0,4,3.5,4860,23885,2.0,NO,NONE,Average,Luxury,4860,0.0,1996,98039,3580,16054
1370800515,2014-10-30,2950000.0,4,4.25,4470,5884,2.0,NO,FAIR,Average,Excellent,3230,1240.0,2010,98199,2570,6000
6447300365,2014-11-13,2900000.0,5,4.0,5190,14600,2.0,NO,FAIR,Average,Excellent,5190,0.0,2013,98039,3840,19250
2303900090,2014-07-29,2880000.0,4,2.5,5760,32033,2.0,NO,EXCELLENT,Good,Luxury,4390,1370.0,1994,98177,3420,28475
1069000070,2015-04-15,2800000.0,5,3.25,4590,12793,2.0,NO,AVERAGE,Very Good,Excellent,3590,1000.0,1928,98199,2920,8609
3859900060,2015-01-12,2750000.0,5,4.0,6300,16065,2.0,NO,FAIR,Average,Luxury,4360,1940.0,2004,98004,3260,17287
5249800010,2014-12-03,2730000.0,4,4.25,6410,43838,2.5,NO,AVERAGE,Good,Luxury,5610,800.0,1906,98144,2270,6630
2524069078,2015-01-22,2700000.0,4,4.0,7850,89651,2.0,NO,NONE,Average,Luxury,7850,0.0,2006,98027,6210,95832
856000195,2014-05-21,2700000.0,5,4.75,5305,8401,2.0,NO,AVERAGE,Average,Excellent,3745,1560.0,2005,98033,2960,7200
3126059027,2015-03-18,2650000.0,4,3.5,4700,13730,2.0,NO,GOOD,Average,Excellent,3500,1200.0,1958,98033,3210,15306
8084900160,2015-02-12,2640000.0,5,4.25,4660,16200,2.0,NO,AVERAGE,Average,Excellent,4660,0.0,2005,98004,3340,16200
2397101606,2014-12-08,2630000.0,6,4.75,5540,7200,2.5,NO,AVERAGE,Good,Excellent,3950,1590.0,1909,98119,2930,7200
2923500230,2014-12-16,2600000.0,4,4.5,5270,12195,2.0,YES,EXCELLENT,Average,Excellent,3400,1870.0,1979,98027,3390,9905
5316100780,2014-09-22,2580000.0,4,3.5,3280,3800,2.0,NO,NONE,Average,Excellent,2880,400.0,2011,98112,2050,3800
7768700300,2014-12-05,2580000.0,4,4.25,5540,15408,2.0,NO,FAIR,Average,Excellent,4280,1260.0,2006,98004,3570,14750
3377900195,2014-09-29,2530000.0,4,5.5,6930,45100,1.0,NO,NONE,Good,Excellent,4310,?,1950,98006,2560,37766
7631800015,2015-04-07,2510000.0,3,3.25,5480,57990,2.0,YES,EXCELLENT,Average,Excellent,5480,0.0,1991,98166,2500,22954
9471200265,2015-05-05,2500000.0,4,3.25,3960,16224,2.0,NO,AVERAGE,Average,Luxury,3100,860.0,1938,98105,3960,15050
5700003585,2014-12-29,2500000.0,5,3.25,5620,12672,2.0,NO,NONE,Good,Excellent,4140,1480.0,1916,98144,4470,8050
9831200500,2015-03-04,2480000.0,5,3.75,6810,7500,2.5,NO,NONE,Average,Mansion,6110,700.0,1922,98102,2660,7500
1176001293,2014-06-17,2480000.0,3,3.25,4340,4947,2.0,NO,GOOD,Average,Excellent,3060,1280.0,1993,98107,1680,5250
3262300555,2014-07-08,2460000.0,4,5.25,6500,14986,2.0,NO,NONE,Average,Excellent,5180,1320.0,2001,98039,2270,8119
2210500010,2014-09-30,2450000.0,7,4.25,4670,23115,2.0,NO,AVERAGE,Average,Excellent,4670,0.0,1992,98039,3240,13912
2426039123,2015-01-30,2420000.0,5,4.75,7880,24250,2.0,NO,AVERAGE,Average,Mansion,7880,0.0,1996,98177,2740,10761
3398800055,2014-11-19,2400000.0,4,3.75,4090,24825,2.0,NO,NONE,Good,Excellent,3400,690.0,1926,98102,3910,11500
4045100075,2015-03-25,2400000.0,4,4.25,4890,15188,2.0,NO,AVERAGE,Average,Excellent,3090,1800.0,1999,98040,3470,16201
1725059316,2014-11-20,2390000.0,4,4.0,6330,13296,2.0,NO,AVERAGE,Average,Mansion,4900,1430.0,2000,98033,2200,9196
2154970020,2014-07-03,2350000.0,4,4.25,5010,19412,2.0,NO,FAIR,Average,Excellent,4000,1010.0,2014,98040,3820,17064
4139900180,2015-04-20,2340000.0,4,2.5,4500,35200,1.0,NO,NONE,Average,Mansion,4500,0.0,1988,98006,4760,35200
4139300135,2014-07-09,2320000.0,5,4.75,5780,17004,2.0,NO,NONE,Average,Excellent,4260,1520.0,2006,98040,3460,10855
1732801150,2014-07-01,2300000.0,4,4.75,3970,9778,2.0,NO,AVERAGE,Good,Excellent,3390,580.0,1928,98119,3970,8460
1225069038,2014-05-05,2280000.0,7,8.0,13540,307752,3.0,NO,EXCELLENT,Average,Luxury,9410,4130.0,1999,98053,4850,217800
7855801670,2015-04-01,2250000.0,4,3.25,5180,19850,2.0,NO,GOOD,Average,Luxury,3540,1640.0,2006,98006,3160,9750
9831200159,2014-08-06,2250000.0,3,3.25,3890,3452,2.0,NO,NONE,Average,Luxury,2890,1000.0,2006,98102,2860,2199
5316100920,2014-07-25,2250000.0,3,4.25,5150,7800,2.5,NO,AVERAGE,Average,Excellent,4170,980.0,1954,98112,4270,7800
1333300145,2015-03-04,2230000.0,3,4.0,4200,30120,2.0,NO,AVERAGE,Good,Excellent,3600,600.0,1933,98112,2760,12200
856000635,2015-03-23,2230000.0,4,4.25,4700,10800,2.0,NO,FAIR,Average,Excellent,3910,790.0,2002,98033,2370,7680
518500460,2014-10-08,2230000.0,3,3.5,3760,5634,2.0,YES,EXCELLENT,Average,Excellent,2830,930.0,2014,98056,3560,5762
824059305,2015-01-08,2200000.0,5,4.0,5840,11652,2.0,NO,FAIR,Average,Excellent,4410,1430.0,1988,98004,3120,13639
2024069008,2014-06-19,2200000.0,5,4.75,5990,10450,2.0,YES,EXCELLENT,Average,Excellent,4050,1940.0,2002,98027,3330,14810
6377200010,2014-12-08,2180000.0,4,3.0,4750,21701,1.5,NO,NONE,Very Good,Excellent,4750,0.0,1976,98004,3120,18551
5553300375,2014-08-20,2160000.0,3,3.5,3080,6495,2.0,NO,GOOD,Average,Excellent,2530,550.0,1996,98199,4120,8620
5710000005,2014-05-22,2150000.0,4,5.5,5060,10320,2.0,NO,NONE,Average,Excellent,5060,0.0,2008,98004,3010,10080
1338800425,2015-03-04,2140000.0,6,4.0,5110,7128,2.5,NO,NONE,Good,Excellent,5110,0.0,1906,98112,4110,6480
622049114,2015-02-18,2130000.0,3,2.5,5403,24069,2.0,YES,EXCELLENT,Good,Luxury,5403,0.0,1976,98166,3980,104374
3861470110,2014-06-23,2080000.0,4,3.5,4230,20377,2.0,NO,NONE,Average,Excellent,4230,0.0,1997,98004,3980,20489
2624089007,2015-03-20,2000000.0,2,2.5,3900,920423,2.0,NO,NONE,Average,Luxury,3900,0.0,2009,98065,2720,411962
2524049318,2014-05-28,2000000.0,4,3.0,4260,18000,2.0,NO,AVERAGE,Average,Excellent,4260,0.0,2000,98040,3540,17015
1068000150,2015-05-01,2000000.0,4,3.25,3910,7500,2.0,NO,AVERAGE,Good,Excellent,2550,1360.0,1933,98199,3070,7500
1346300035,2014-06-26,1990000.0,5,3.0,4480,5000,2.5,NO,NONE,Very Good,Luxury,3420,1060.0,1902,98112,3220,5600
2025059026,2015-02-25,1980000.0,4,3.5,4500,44384,1.0,NO,NONE,Average,Luxury,3340,1160.0,1990,98004,2540,26287
1923000260,2014-10-15,1960000.0,5,4.5,6200,23373,3.0,NO,FAIR,Good,Excellent,5050,1150.0,1988,98040,3700,14486
2806300065,2015-04-22,1960000.0,4,4.0,4430,31353,2.0,NO,NONE,Average,Luxury,4430,0.0,1998,98005,3900,35237
4389201241,2014-12-30,1950000.0,4,4.0,4690,6900,2.0,NO,NONE,Average,Excellent,3480,1210.0,2001,98004,2800,11240
2626069030,2015-02-09,1940000.0,4,5.75,7220,223462,2.0,NO,EXCELLENT,Average,Luxury,6220,1000.0,2000,98053,2680,7593
2540700110,2015-02-12,1910000.0,4,3.5,4210,18564,2.0,NO,NONE,Average,Excellent,4210,0.0,2001,98039,3520,18564
3303850330,2014-12-16,1900000.0,4,3.25,5080,27755,2.0,NO,NONE,Average,Excellent,5080,0.0,2001,98006,4730,22326
1525059261,2015-05-05,1900000.0,5,4.5,5160,44315,2.0,NO,NONE,Average,Luxury,5160,0.0,1996,98005,4760,44315
357000135,2015-02-18,1900000.0,4,2.5,3070,7830,2.0,NO,AVERAGE,Average,Excellent,1970,1100.0,2009,98144,2440,4682
7767000060,2014-09-12,1900000.0,5,4.25,6510,16471,2.0,NO,GOOD,Good,Excellent,3250,3260.0,1980,98040,4480,16471
1727001300,2014-06-09,1900000.0,4,3.25,4130,112521,2.0,NO,NONE,Average,Excellent,4130,0.0,1978,98005,3140,26147
6752500090,2015-01-27,1840000.0,4,3.5,4870,39190,2.0,NO,NONE,Average,Luxury,4870,0.0,1995,98006,5000,33880
2124069115,2014-10-21,1830000.0,4,4.25,4500,215186,2.0,NO,GOOD,Average,Excellent,2630,1870.0,2009,98029,3030,25447
5493110080,2014-08-15,1830000.0,3,3.75,6030,39317,2.0,NO,NONE,Average,Excellent,4440,1590.0,1991,98004,4040,12333
4054530260,2014-06-27,1820000.0,4,4.5,6640,53330,2.0,NO,NONE,Average,Luxury,6640,0.0,1993,98077,4620,68625
1524069044,2014-10-09,1820000.0,4,4.5,6380,88714,2.0,NO,NONE,Average,Luxury,6380,0.0,2006,98029,3040,7113
1725059136,2014-11-21,1820000.0,4,4.5,4510,12873,2.0,NO,AVERAGE,Average,Luxury,4510,0.0,1998,98033,2200,8528
8081500050,2015-03-02,1810000.0,5,2.5,4250,20441,1.0,NO,FAIR,Good,Excellent,2490,1760.0,1984,98004,3620,16304
3528000040,2015-03-26,1800000.0,3,3.25,5290,224442,2.0,NO,NONE,Good,Excellent,4540,750.0,1988,98053,3750,84936
9359100500,2014-05-27,1800000.0,4,3.25,4060,13000,2.0,NO,GOOD,Average,Excellent,4060,0.0,2000,98040,3220,13800
4139420640,2014-10-30,1790000.0,4,3.5,5490,14300,1.0,NO,EXCELLENT,Average,Luxury,2910,2580.0,1996,98006,4290,13822
7237501190,2014-10-10,1780000.0,4,3.25,4890,13402,2.0,NO,NONE,Average,Mansion,4890,0.0,2004,98059,5790,13539
5457300095,2015-01-07,1780000.0,4,3.25,3730,7071,3.0,NO,AVERAGE,Average,Excellent,3730,0.0,1985,98109,3730,7680
2954400310,2014-09-15,1770000.0,4,3.5,5440,38900,2.0,NO,NONE,Average,Luxury,5440,0.0,1990,98053,4830,41313
3304700130,2015-01-28,1760000.0,4,4.0,3860,67953,2.0,NO,AVERAGE,Good,Luxury,3860,0.0,1927,98177,4410,128066
250000090,2014-07-14,1750000.0,4,4.5,4650,7660,2.0,NO,NONE,Average,Excellent,3640,1010.0,2008,98004,1710,8400
6600000050,2015-03-10,1700000.0,4,3.5,3950,6240,2.0,NO,NONE,Average,Excellent,3950,0.0,2015,98112,2040,6240
2655500241,2014-08-14,1700000.0,3,3.25,4160,35153,3.0,NO,AVERAGE,Average,Luxury,3690,470.0,2001,98040,3290,11533
4141010110,2014-08-08,1700000.0,4,3.5,4330,15335,2.0,NO,NONE,Good,Excellent,3230,1100.0,1988,98040,3840,14311
1623069046,2015-03-12,1700000.0,4,3.5,4070,336283,2.0,NO,NONE,Average,Excellent,4070,0.0,2006,98027,3020,44613
5493100366,2014-06-25,1700000.0,5,3.5,5850,22885,2.0,NO,AVERAGE,Good,Excellent,4670,1180.0,1978,98004,3240,19020
4139480350,2015-01-13,1690000.0,4,4.0,5000,12941,3.0,NO,AVERAGE,Average,Luxury,5000,0.0,2002,98006,4560,12941
9808100185,2014-10-03,1690000.0,4,3.5,4020,13515,2.0,NO,NONE,Average,Excellent,4020,0.0,2001,98004,3930,13515
3528000040,2014-10-01,1690000.0,3,3.25,5290,224442,2.0,NO,NONE,Good,Excellent,4540,750.0,1988,98053,3750,84936
3459900230,2014-11-25,1680000.0,4,3.75,7620,29536,2.0,NO,GOOD,Average,Excellent,5980,1640.0,2005,98006,2840,20809
853600150,2014-05-24,1680000.0,4,4.25,5584,68257,2.0,NO,NONE,Average,Excellent,5584,0.0,1998,98014,5030,101901
1329000030,2014-09-04,1680000.0,4,3.75,4490,34982,2.0,NO,NONE,Average,Luxury,4490,0.0,1998,98005,4470,37525
4030100290,2014-10-01,1680000.0,5,3.5,5170,7197,3.0,YES,EXCELLENT,Average,Excellent,3520,1650.0,1998,98155,3020,12880
6648150040,2014-05-13,1680000.0,5,3.25,4860,23723,2.0,NO,AVERAGE,Good,Excellent,3820,1040.0,1989,98040,4040,13860
2125059013,2015-04-20,1670000.0,5,3.5,4320,40816,2.0,NO,NONE,Good,Excellent,4320,0.0,1997,98004,4320,44584
4104500181,2014-08-12,1650000.0,4,3.5,4610,12500,2.0,NO,AVERAGE,Average,Excellent,4610,0.0,2003,98033,2340,11538
1651800030,2014-08-29,1650000.0,4,2.25,2920,20400,1.0,NO,NONE,Good,Excellent,2920,0.0,1966,98004,3080,20400
6117502230,2014-12-01,1640000.0,3,3.5,4660,21164,2.0,YES,EXCELLENT,Average,Luxury,4660,0.0,1975,98166,3140,24274
4054550010,2015-04-13,1640000.0,5,4.0,4780,118047,2.0,NO,NONE,Average,Excellent,4780,0.0,1994,98077,4040,31760
9279700150,2015-02-12,1630000.0,4,3.75,4410,8112,3.0,NO,EXCELLENT,Average,Excellent,3570,840.0,2003,98116,2770,5750
853600310,2014-08-28,1610000.0,5,4.5,6085,142725,3.0,NO,NONE,Average,Excellent,6085,0.0,2000,98014,4830,128457
9412400220,2014-07-10,1610000.0,4,2.75,5470,18200,2.0,YES,EXCELLENT,Average,Excellent,3730,1740.0,1992,98118,3620,15100
5093300325,2014-05-23,1610000.0,4,3.5,4390,11600,2.0,NO,GOOD,Average,Excellent,3060,1330.0,1990,98040,3240,12000
3861470120,2014-11-26,1610000.0,4,2.75,4270,25807,2.0,NO,NONE,Average,Excellent,4270,0.0,1996,98004,3860,20723
9272200090,2015-02-04,1600000.0,4,4.5,3780,6000,2.0,NO,EXCELLENT,Good,Excellent,2770,1010.0,1910,98116,2660,6000
1125079111,2015-04-15,1600000.0,4,5.5,6530,871200,2.0,NO,AVERAGE,Average,Excellent,6530,0.0,2008,98014,1280,858132
2624059036,2014-10-03,1600000.0,5,4.5,5130,43123,2.0,NO,NONE,Average,Excellent,5130,0.0,1996,98006,4670,43560
5452301810,2014-09-05,1580000.0,5,3.75,4220,9240,2.0,NO,AVERAGE,Very Good,Excellent,3420,800.0,1991,98040,3380,9240
3885806105,2014-05-21,1580000.0,3,3.25,3690,7200,2.0,NO,NONE,Average,Excellent,3690,0.0,2007,98033,1880,7200
2303900045,2014-06-23,1580000.0,4,2.5,4570,74487,2.0,NO,EXCELLENT,Very Good,Luxury,4570,0.0,1948,98177,3810,74487
8678500020,2014-12-13,1580000.0,4,3.5,5830,131116,2.0,NO,NONE,Average,Excellent,5830,0.0,2005,98024,5340,207206
2225059214,2014-08-08,1580000.0,4,3.25,4670,51836,2.0,NO,NONE,Good,Luxury,4670,0.0,1988,98005,4230,41075
7430200060,2015-04-24,1580000.0,4,4.0,5610,11063,3.0,NO,NONE,Average,Excellent,4750,860.0,2006,98074,4560,11063
3066120030,2015-01-27,1580000.0,4,3.75,3810,9916,2.0,NO,NONE,Average,Excellent,3810,0.0,1989,98040,3040,11250
226059096,2014-11-18,1570000.0,5,4.5,5220,67319,2.0,NO,NONE,Average,Excellent,5220,0.0,2001,98072,4190,40609
3271800295,2015-02-03,1570000.0,5,4.5,5620,5800,3.0,NO,GOOD,Average,Excellent,4700,920.0,1999,98199,2360,5800
3892500150,2014-05-21,1550000.0,3,2.5,4460,26027,2.0,NO,NONE,Average,Luxury,4460,0.0,1992,98033,3770,26027
8678500060,2014-07-10,1550000.0,5,4.25,6070,171626,2.0,NO,NONE,Average,Luxury,6070,0.0,1999,98024,4680,211267
3754501240,2015-02-06,1550000.0,3,4.0,5120,4600,3.0,NO,AVERAGE,Average,Excellent,4490,630.0,2008,98034,2510,5918
5451300117,2015-04-22,1550000.0,4,4.0,5280,17677,2.0,NO,GOOD,Average,Excellent,3220,2060.0,1978,98040,3470,17474
249000205,2014-10-15,1540000.0,5,3.75,4470,8088,2.0,NO,NONE,Average,Excellent,4470,0.0,2008,98004,2780,8964
4139910250,2015-02-10,1530000.0,4,3.75,5850,35070,2.0,NO,NONE,Good,Luxury,4410,1440.0,1990,98006,4830,36200
3585900500,2015-04-02,1530000.0,4,4.25,4720,21000,3.0,NO,EXCELLENT,Very Good,Excellent,4720,0.0,1971,98177,3010,20000
7015200335,2014-06-19,1530000.0,4,3.25,3620,5131,2.0,NO,GOOD,Good,Excellent,2350,1270.0,1927,98119,2550,5174
3758900075,2014-05-07,1530000.0,5,4.5,4270,8076,2.0,NO,NONE,Average,Excellent,3400,870.0,2007,98033,4100,10631
5608000630,2014-11-03,1520000.0,4,4.0,4500,11795,2.0,NO,NONE,Average,Luxury,4500,0.0,1991,98027,3930,11576
2597450620,2014-10-09,1510000.0,3,2.5,4010,12105,1.0,NO,GOOD,Very Good,Excellent,2600,1410.0,1983,98006,4010,15081
2344300170,2014-08-15,1500000.0,5,3.5,4370,12240,2.0,NO,NONE,Average,Excellent,3270,1100.0,1990,98004,2980,12800
1338800365,2014-05-07,1500000.0,6,2.5,3560,6480,2.5,NO,NONE,Good,Excellent,3560,0.0,1914,98112,2780,6480
4139490190,2014-07-11,1500000.0,4,3.5,4410,12426,2.0,NO,AVERAGE,Average,Luxury,3420,990.0,1996,98006,4090,12127
622069006,2014-08-20,1500000.0,4,5.5,6550,217374,1.0,NO,NONE,Average,Excellent,5400,1150.0,2006,98058,4110,50378
629800540,2014-09-09,1500000.0,4,4.25,5020,26319,2.0,NO,NONE,Average,Luxury,5020,0.0,1998,98074,4930,26319
4139500080,2014-07-18,1490000.0,4,4.25,5180,13077,2.0,NO,GOOD,Average,Luxury,4280,900.0,1998,98006,5030,15069
8835770170,2014-08-22,1490000.0,5,6.0,6880,279968,2.0,NO,GOOD,Average,Luxury,4070,2810.0,2007,98045,4690,256803
9522300010,2015-03-31,1490000.0,3,3.5,4560,14608,2.0,NO,AVERAGE,Average,Luxury,4560,0.0,1990,98034,4050,14226
5167000140,2014-07-11,1480000.0,3,3.25,3700,2264,2.0,NO,NONE,Average,Excellent,2280,1420.0,1998,98033,3930,2567
4139910180,2015-01-14,1480000.0,5,4.0,4770,31570,2.0,NO,NONE,Average,Luxury,4770,0.0,1990,98006,4520,32070
8920100066,2014-08-20,1480000.0,4,3.5,5220,15411,2.0,NO,GOOD,Average,Excellent,3550,1670.0,2006,98075,3110,14124
4139900050,2014-05-19,1470000.0,4,3.25,5010,34460,2.0,NO,NONE,Average,Luxury,5010,0.0,1988,98006,4760,34460
9197800010,2014-10-17,1460000.0,4,3.5,4200,14353,2.0,NO,AVERAGE,Average,Luxury,3640,560.0,1996,98040,3750,16316
1377300005,2015-04-01,1450000.0,4,3.5,3470,8580,2.0,NO,NONE,Average,Excellent,2500,970.0,2007,98199,1940,7920
2625069038,2014-11-24,1450000.0,4,3.5,4300,108865,2.0,NO,NONE,Average,Excellent,4300,0.0,2014,98074,4650,107498
1102000527,2014-09-02,1440000.0,4,3.75,4410,9231,3.0,NO,GOOD,Average,Excellent,4410,0.0,2001,98118,2160,6600
6819100020,2014-05-29,1430000.0,4,4.25,4960,6000,2.5,NO,NONE,Average,Excellent,3680,1280.0,1909,98109,2160,4080
98000130,2015-03-24,1430000.0,4,5.0,4630,24054,2.0,NO,GOOD,Average,Excellent,4630,0.0,2005,98075,4630,17584
4139900120,2014-06-05,1420000.0,4,5.25,4670,43950,2.0,NO,NONE,Average,Luxury,4670,0.0,1989,98006,4900,35000
4054530240,2015-04-27,1400000.0,4,3.5,4380,66613,1.5,NO,NONE,Average,Excellent,4380,0.0,1993,98077,4010,70109
1692900095,2014-06-18,1400000.0,4,2.75,3870,10046,2.0,NO,NONE,Average,Excellent,3870,0.0,2005,98033,3560,10046
3303850290,2015-04-09,1400000.0,5,4.0,4700,22326,2.0,NO,NONE,Average,Excellent,4700,0.0,2002,98006,4730,27110
8823900290,2015-03-17,1400000.0,9,4.0,4620,5508,2.5,NO,NONE,Average,Excellent,3870,750.0,1915,98105,2710,4320
4139480200,2014-12-09,1400000.0,4,3.25,4290,12103,1.0,NO,GOOD,Average,Excellent,2690,1600.0,1997,98006,3860,11244
3204300455,2014-08-22,1390000.0,3,2.25,2930,6000,2.0,NO,AVERAGE,Average,Excellent,1920,1010.0,2000,98112,1870,5040
5608000010,2014-08-11,1390000.0,4,3.5,4010,15365,2.0,NO,FAIR,Average,Excellent,4010,0.0,2006,98027,3550,13429
713500020,2015-04-21,1390000.0,4,4.5,4490,24767,2.0,NO,AVERAGE,Average,Excellent,3800,690.0,1998,98006,3370,32700
2579500101,2015-04-21,1390000.0,4,3.5,4010,10880,2.0,NO,GOOD,Good,Excellent,3150,860.0,1990,98040,3530,17310
3627800050,2014-07-15,1380000.0,5,4.0,3760,22763,1.0,NO,GOOD,Good,Excellent,1910,1850.0,1969,98040,3730,11201
1561750040,2014-12-24,1380000.0,5,4.5,4350,13405,2.0,NO,NONE,Average,Excellent,4350,0.0,2014,98074,3990,7208
4139480200,2014-06-18,1380000.0,4,3.25,4290,12103,1.0,NO,GOOD,Average,Excellent,2690,1600.0,1997,98006,3860,11244
4139500200,2015-03-05,1380000.0,6,4.5,5740,10312,2.0,NO,AVERAGE,Average,Excellent,3610,2130.0,2000,98006,4350,11917
4139420430,2014-06-11,1370000.0,5,3.5,4210,17258,2.0,NO,GOOD,Average,Luxury,4210,0.0,1995,98006,4630,17909
9286000110,2014-08-14,1360000.0,5,3.75,4960,13990,2.0,NO,AVERAGE,Average,Excellent,3760,1200.0,2001,98006,5200,18116
6389970010,2015-03-23,1360000.0,4,3.5,4120,12626,2.0,NO,FAIR,Average,Excellent,3970,150.0,2014,98034,4120,11913
8081020370,2014-07-09,1360000.0,4,3.5,3550,11000,1.0,NO,AVERAGE,Average,Excellent,2260,1290.0,1999,98006,4100,10012
822069112,2015-04-23,1350000.0,4,4.75,5230,89298,2.5,NO,NONE,Average,Excellent,5230,0.0,2002,98038,4110,107153
713500030,2014-07-28,1350000.0,5,3.5,4800,14984,2.0,NO,AVERAGE,Average,Excellent,3480,?,1998,98006,4050,19009
1795800040,2014-09-03,1350000.0,4,3.25,5370,20388,2.0,NO,EXCELLENT,Good,Excellent,5370,0.0,1990,98198,2770,22270
1025039292,2014-10-30,1340000.0,4,2.5,2900,21074,2.0,NO,NONE,Average,Excellent,2900,0.0,1986,98199,3390,20000
324069112,2014-06-17,1330000.0,4,4.0,4420,16526,2.0,NO,NONE,Average,Excellent,4420,0.0,2013,98075,3510,50447
9578050120,2014-08-08,1330000.0,4,2.5,4010,37076,2.0,NO,NONE,Good,Luxury,4010,0.0,1990,98052,4280,35326
9301300270,2015-02-23,1330000.0,3,3.0,3180,2758,2.0,NO,AVERAGE,Average,Excellent,2240,940.0,2008,98109,2420,2758
7237500590,2014-11-17,1320000.0,4,5.25,6110,10369,2.0,NO,NONE,Average,Excellent,6110,0.0,2005,98059,4190,10762
8081020330,2014-07-29,1320000.0,4,3.25,3470,11843,1.0,NO,GOOD,Average,Excellent,2270,1200.0,1989,98006,3910,13247
4139900210,2014-06-20,1320000.0,4,3.5,4410,36200,2.0,NO,NONE,Average,Excellent,4410,0.0,1989,98006,4760,35860
1025039320,2015-04-27,1310000.0,4,3.5,3440,5000,2.0,NO,NONE,Average,Excellent,2560,880.0,2006,98199,3090,10241
4139910030,2015-03-02,1300000.0,5,2.5,4170,33310,2.0,NO,NONE,Good,Excellent,4170,0.0,1991,98006,4670,37960
4139490210,2014-07-30,1290000.0,4,3.5,4080,14450,2.0,NO,AVERAGE,Average,Luxury,3210,870.0,1998,98006,4080,12114
4141010050,2015-01-21,1290000.0,3,2.5,3240,12625,2.0,NO,NONE,Average,Excellent,3240,0.0,1987,98040,3470,12331
8081030090,2014-08-15,1290000.0,4,3.5,3700,13175,2.0,NO,NONE,Good,Excellent,3700,0.0,1989,98006,3880,15508
8894200150,2014-12-17,1280000.0,4,3.5,5844,10766,2.0,NO,FAIR,Average,Excellent,5844,0.0,2007,98023,3413,10766
3303850360,2014-06-25,1280000.0,4,3.5,4660,17398,2.0,NO,AVERAGE,Average,Excellent,4660,0.0,2003,98006,5080,24913
3425069117,2014-08-28,1280000.0,6,5.25,6160,27490,2.0,NO,NONE,Average,Excellent,4040,2120.0,2007,98074,4225,9100
7135520810,2014-07-30,1280000.0,4,4.0,4390,17832,1.0,NO,NONE,Good,Excellent,2430,1960.0,1994,98059,3090,12369
1727850340,2014-09-29,1270000.0,4,2.75,3200,13729,2.0,NO,NONE,Average,Excellent,3200,0.0,1984,98005,4050,16921
1126059201,2015-05-04,1270000.0,5,3.25,4410,35192,2.0,NO,AVERAGE,Average,Luxury,3880,530.0,1990,98072,4410,59677
3630200340,2014-10-01,1260000.0,4,3.25,4360,6000,2.0,NO,GOOD,Average,Excellent,3400,960.0,2007,98027,4310,6000
4054510270,2014-08-27,1250000.0,4,3.75,3830,41263,2.0,NO,NONE,Good,Excellent,3830,0.0,1990,98077,5600,56568
5556300098,2014-06-12,1240000.0,5,4.0,4410,14380,2.0,NO,NONE,Average,Excellent,4410,0.0,2006,98052,2720,11454
1239400650,2014-11-07,1240000.0,4,3.5,4700,10183,1.0,NO,AVERAGE,Average,Excellent,2660,2040.0,2002,98033,3770,9000
3630200300,2014-07-25,1240000.0,4,3.5,4670,6000,2.0,NO,GOOD,Average,Excellent,3820,850.0,2007,98027,4310,6000
2559950110,2015-04-22,1230000.0,2,2.5,2470,609,3.0,NO,NONE,Average,Excellent,1910,560.0,2011,98112,2440,1229
3225069301,2014-06-12,1230000.0,4,2.5,5730,44947,2.0,NO,EXCELLENT,Average,Excellent,4280,1450.0,1991,98074,3310,17628
1854750090,2014-07-16,1230000.0,3,3.5,3680,11491,2.0,NO,AVERAGE,Average,Excellent,3680,0.0,1999,98007,3710,10030
2326059080,2014-08-01,1230000.0,3,2.5,3420,79279,2.0,NO,NONE,Average,Excellent,3420,0.0,1990,98052,4240,40500
7237550310,2014-05-12,1230000.0,4,4.5,5420,101930,1.0,NO,NONE,Average,Excellent,3890,1530.0,2001,98053,4760,101930
4141000060,2014-12-05,1230000.0,4,2.5,3180,10319,2.0,NO,NONE,Good,Excellent,3180,0.0,1986,98040,3130,12120
7430200100,2014-05-14,1220000.0,4,3.5,4910,9444,1.5,NO,NONE,Average,Excellent,3110,1800.0,2007,98074,4560,11063
7852160170,2015-04-22,1210000.0,4,3.75,4980,18069,2.0,NO,GOOD,Average,Excellent,4980,0.0,2006,98065,4080,14577
4139420590,2014-05-20,1210000.0,4,3.5,4560,16643,1.0,NO,GOOD,Average,Luxury,2230,2330.0,1995,98006,4060,15177
7135520650,2014-12-12,1210000.0,5,4.25,4420,13497,2.0,NO,NONE,Average,Excellent,3510,910.0,2000,98059,4220,12015
629800520,2014-09-03,1210000.0,4,3.25,4330,26162,2.0,NO,NONE,Average,Excellent,4330,0.0,1997,98074,5110,26319
4128500380,2015-04-27,1200000.0,4,2.5,4280,12796,2.0,NO,NONE,Average,Excellent,3400,880.0,1999,98006,3520,9593
7525950110,2014-08-28,1200000.0,4,3.25,3850,19842,2.0,NO,GOOD,Average,Excellent,3180,670.0,1989,98074,4320,19500
4141000490,2014-10-21,1200000.0,4,2.5,3180,13118,2.0,NO,NONE,Good,Excellent,3180,0.0,1986,98040,3070,12861
7237501180,2014-06-25,1200000.0,4,1.75,3990,13470,2.0,NO,NONE,Average,Excellent,3990,0.0,2006,98059,5790,13709
525069127,2014-05-23,1200000.0,4,3.5,4740,172497,2.0,NO,NONE,Average,Excellent,4740,0.0,2003,98053,2120,49658
4139420070,2014-09-10,1200000.0,5,3.25,5180,19606,1.0,NO,NONE,Average,Excellent,2610,2570.0,1993,98006,4050,15296
6648150090,2015-01-08,1200000.0,4,4.0,4050,9517,2.0,NO,NONE,Average,Excellent,3360,690.0,1990,98040,3330,9436
4139420590,2014-08-27,1200000.0,4,3.5,4560,16643,1.0,NO,GOOD,Average,Luxury,2230,2330.0,1995,98006,4060,15177
1425069116,2014-11-07,1190000.0,4,3.5,4340,217800,2.0,NO,NONE,Average,Excellent,4340,0.0,2003,98053,3430,219106
1025069255,2014-10-23,1180000.0,4,3.5,4150,49503,2.0,NO,NONE,Average,Excellent,4150,0.0,2003,98053,3330,60137
98001070,2014-08-18,1170000.0,5,4.25,4610,13252,2.0,NO,EXCELLENT,Average,Excellent,4610,0.0,2004,98075,4400,15154
5608010750,2014-08-29,1160000.0,4,3.5,4190,15724,2.0,NO,AVERAGE,Average,Excellent,4190,0.0,1994,98027,3300,10113
624110860,2015-04-27,1150000.0,4,3.5,3760,20609,2.0,NO,NONE,Average,Excellent,3760,0.0,1990,98077,3360,15761
1853000530,2015-03-12,1150000.0,4,3.75,5300,37034,2.0,NO,NONE,Average,Excellent,5300,0.0,1989,98077,3730,37034
1117200390,2014-05-07,1150000.0,4,4.0,4460,103382,2.0,NO,NONE,Average,Excellent,4460,0.0,2001,98053,3470,88519
1424069069,2014-05-22,1150000.0,6,4.5,6040,219542,2.0,NO,NONE,Average,Excellent,4100,1940.0,1996,98029,2010,32362
2954400020,2015-02-05,1150000.0,4,3.75,4160,35000,2.0,NO,NONE,Average,Excellent,4160,0.0,1991,98053,5330,36446
8651610890,2014-10-14,1150000.0,4,3.25,4190,10259,2.0,NO,NONE,Average,Excellent,3150,1040.0,2000,98074,4300,11919
4139480190,2014-09-16,1150000.0,3,3.25,3780,10623,1.0,NO,FAIR,Average,Excellent,2650,1130.0,1999,98006,3850,11170
7852070060,2014-07-31,1150000.0,4,3.5,4370,18361,2.0,NO,NONE,Average,Excellent,4370,0.0,2001,98065,4190,13641
7852070210,2014-05-27,1150000.0,4,3.0,5940,11533,2.0,NO,EXCELLENT,Average,Excellent,4950,990.0,2004,98065,4240,12813
3303980140,2015-04-02,1150000.0,4,3.0,4160,13170,2.0,NO,NONE,Average,Excellent,3040,1120.0,2001,98059,3780,13148
524069019,2014-11-20,1150000.0,4,3.25,4400,262666,2.0,NO,NONE,Average,Excellent,4400,0.0,1988,98075,3240,9791
3303980520,2015-04-23,1140000.0,4,3.25,4130,11444,2.0,NO,NONE,Average,Excellent,4130,0.0,2001,98059,3720,11431
9286000150,2015-03-30,1130000.0,6,4.0,5330,18116,2.0,NO,NONE,Average,Excellent,3950,1380.0,2000,98006,4590,16900
1169000057,2014-10-06,1130000.0,6,4.25,3100,9378,3.0,NO,AVERAGE,Average,Excellent,3100,0.0,1978,98112,3270,6334
2581900165,2014-10-21,1130000.0,4,3.5,4300,8406,2.0,NO,FAIR,Average,Excellent,3580,720.0,1987,98040,2770,10006
3293200190,2014-12-13,1120000.0,4,3.25,4750,62365,2.0,NO,NONE,Average,Excellent,4750,0.0,1988,98052,3300,31866
2481620310,2014-05-14,1120000.0,4,2.25,4470,60373,2.0,NO,NONE,Average,Excellent,4470,0.0,1988,98072,3210,40450
8155800050,2015-04-22,1110000.0,3,4.0,4160,31796,2.0,NO,NONE,Average,Excellent,4160,0.0,1989,98053,4300,36192
7851980260,2014-07-30,1110000.0,5,3.5,7350,12231,2.0,NO,EXCELLENT,Average,Excellent,4750,2600.0,2001,98065,5380,12587
7237550020,2014-07-03,1100000.0,4,3.75,5070,60123,2.0,NO,NONE,Average,Excellent,5070,0.0,2000,98053,4920,101930
3303990410,2014-11-11,1100000.0,5,3.25,4010,12110,2.0,NO,NONE,Average,Excellent,4010,0.0,2003,98059,4010,12334
98000980,2015-04-27,1100000.0,4,3.5,4570,16219,2.0,NO,NONE,Average,Excellent,4570,0.0,2002,98075,4700,16500
3754501205,2015-04-29,1090000.0,3,2.5,2840,7500,2.0,NO,GOOD,Average,Excellent,2840,0.0,1997,98034,2580,5918
2944010210,2015-02-18,1090000.0,4,2.5,3930,21894,2.0,NO,NONE,Average,Excellent,3930,0.0,1987,98052,3930,20000
425069020,2014-05-05,1090000.0,4,2.5,4340,141570,2.5,NO,NONE,Average,Excellent,4340,0.0,1992,98053,2720,97138
3407700012,2014-11-06,1080000.0,4,3.5,3740,41458,2.0,NO,AVERAGE,Average,Excellent,3740,0.0,2000,98072,3750,38325
7701960720,2014-10-17,1080000.0,4,2.5,4200,35267,2.0,NO,NONE,Average,Excellent,4200,0.0,1990,98077,3540,22234
7851980100,2014-06-05,1080000.0,5,4.75,5180,17811,2.0,NO,AVERAGE,Average,Excellent,4070,1110.0,2001,98065,3960,15103
1726059134,2014-10-10,1080000.0,3,2.5,2830,56628,2.0,NO,NONE,Average,Excellent,2830,0.0,2001,98011,2830,16430
3303960060,2014-06-19,1070000.0,5,3.5,3990,9938,2.0,NO,NONE,Average,Excellent,3990,0.0,2001,98059,3490,11734
2424059018,2014-06-12,1070000.0,4,2.5,3270,35445,2.0,NO,NONE,Average,Excellent,3270,0.0,1989,98006,4180,32130
9286000240,2014-07-11,1070000.0,6,3.5,4860,11793,2.0,NO,NONE,Average,Excellent,3860,1000.0,1998,98006,3600,11793
1236300290,2014-10-22,1060000.0,4,3.5,3850,8100,2.0,NO,FAIR,Average,Excellent,2430,1420.0,1995,98033,2620,9346
7525950180,2014-07-01,1060000.0,4,2.5,4570,16015,2.0,NO,AVERAGE,Average,Excellent,4570,0.0,1990,98074,4490,17668
8835770330,2014-08-19,1060000.0,2,1.5,2370,184231,2.0,NO,NONE,Average,Excellent,2370,0.0,2005,98045,3860,151081
98000870,2014-10-01,1060000.0,4,3.5,4460,16271,2.0,NO,AVERAGE,Average,Excellent,4460,0.0,2001,98075,4540,17122
98000950,2014-12-10,1060000.0,4,5.25,4140,14757,2.0,NO,AVERAGE,Average,Excellent,4140,0.0,2005,98075,4440,15523
624110110,2015-02-22,1060000.0,5,4.5,4820,13165,2.0,NO,NONE,Good,Excellent,3950,870.0,1990,98077,3880,13810
98000060,2014-07-14,1060000.0,4,4.0,5320,20041,2.0,NO,NONE,Average,Excellent,5320,0.0,2003,98075,4640,17268
3303960250,2015-05-07,1050000.0,4,3.25,4020,11588,2.0,NO,NONE,Average,Excellent,4020,0.0,2000,98059,3190,8066
5701700011,2014-05-23,1050000.0,3,4.0,4380,42769,2.0,NO,NONE,Very Good,Excellent,4380,0.0,1983,98052,3630,35425
3303980090,2015-03-06,1050000.0,4,2.5,4080,11054,2.0,NO,NONE,Average,Excellent,4080,0.0,2001,98059,3520,11914
8562720390,2014-08-25,1050000.0,4,4.0,4320,8709,2.0,NO,NONE,Average,Excellent,3190,1130.0,2006,98027,4010,8321
98000960,2014-05-13,1050000.0,4,3.25,4400,16625,2.0,NO,NONE,Average,Excellent,4400,0.0,2003,98075,4440,15523
2125059163,2014-07-03,1040000.0,4,5.0,4110,43560,2.0,NO,NONE,Good,Excellent,4110,0.0,1978,98005,3650,43995
7701450110,2014-08-15,1040000.0,4,2.5,3770,10893,2.0,NO,AVERAGE,Average,Excellent,3770,0.0,1997,98006,3710,9685
7237500530,2014-07-09,1040000.0,4,3.5,4440,10660,2.0,NO,NONE,Average,Excellent,4440,0.0,2003,98059,4390,9976
2726059144,2015-04-10,1040000.0,5,3.75,4570,10194,2.0,NO,NONE,Average,Excellent,4570,0.0,2006,98034,2040,7560
4054510310,2014-12-01,1040000.0,4,4.0,4090,51908,2.0,NO,NONE,Average,Excellent,4090,0.0,1991,98077,4290,41655
1525059190,2014-09-12,1040000.0,5,3.25,4770,50094,1.0,NO,NONE,Good,Excellent,3070,1700.0,1973,98005,3530,38917
3303980500,2014-09-05,1030000.0,4,3.25,3780,11200,2.0,NO,NONE,Average,Excellent,3780,0.0,2002,98059,3720,11813
7852160310,2014-08-14,1010000.0,4,2.75,3430,15877,1.0,NO,EXCELLENT,Average,Excellent,3430,0.0,2005,98065,4080,14577
4139910170,2014-12-16,1010000.0,5,3.25,4050,35600,2.0,NO,NONE,Average,Luxury,4050,0.0,1990,98006,4770,33880
2944000170,2014-06-11,1010000.0,4,2.5,3760,29224,2.0,NO,NONE,Average,Excellent,3760,0.0,1987,98052,3930,19916
3425069083,2014-06-25,1010000.0,4,4.5,4225,284011,2.0,NO,NONE,Good,Excellent,4225,0.0,1985,98074,2870,14576
3276940100,2014-05-22,1000000.0,4,3.0,4260,18687,2.0,NO,NONE,Average,Excellent,4260,0.0,1996,98075,3490,16772
9129100040,2014-08-25,1000000.0,4,3.25,3320,8587,3.0,NO,NONE,Average,Excellent,2950,370.0,2008,98103,1860,5668
1311030430,2014-08-04,1000000.0,5,2.5,4670,15857,2.0,NO,NONE,Average,Excellent,4670,0.0,1998,98074,3810,14824
1424130050,2014-12-16,995000.0,5,4.0,5610,22529,2.0,NO,NONE,Average,Excellent,4090,1520.0,1996,98072,3860,24751
2944000050,2015-04-22,995000.0,4,3.25,3530,20012,2.0,NO,NONE,Average,Excellent,3530,0.0,1986,98052,3850,20707
1424130220,2015-03-09,991500.0,4,3.0,3820,26895,2.0,NO,AVERAGE,Average,Excellent,3820,0.0,1995,98072,3820,24751
1888120140,2014-07-09,989000.0,5,4.5,4030,13474,2.0,NO,NONE,Average,Excellent,4030,0.0,2000,98075,3860,12438
2944010240,2014-09-08,988000.0,4,3.0,4040,19700,2.0,NO,NONE,Average,Excellent,4040,0.0,1987,98052,3930,21887
1853000510,2014-05-09,985000.0,4,2.25,4230,37769,2.0,NO,NONE,Average,Excellent,4230,0.0,1989,98077,3890,37034
8562720230,2014-11-07,980000.0,4,3.25,3720,7150,2.0,NO,AVERAGE,Average,Excellent,3720,0.0,2007,98027,4040,7442
2225059273,2014-11-14,975000.0,5,3.5,5470,35071,2.0,NO,NONE,Average,Excellent,4590,880.0,1976,98005,3600,35074
4128500210,2014-05-13,975000.0,4,2.5,3490,7494,2.0,NO,GOOD,Average,Excellent,3490,0.0,2000,98006,3260,8437
3303960080,2015-03-31,972800.0,5,3.25,3500,10457,2.0,NO,NONE,Average,Excellent,3500,0.0,2001,98059,3500,11734
3303990380,2014-12-04,972000.0,4,3.25,4010,13797,2.0,NO,NONE,Average,Excellent,4010,0.0,2003,98059,3980,12120
9477580110,2014-06-26,971971.0,4,3.75,3460,6738,2.0,NO,NONE,Average,Excellent,3460,0.0,2013,98059,3340,6120
3888100128,2014-07-28,968933.0,4,3.5,4120,7304,2.0,NO,NONE,Average,Excellent,3070,1050.0,2006,98033,2470,9600
5608010650,2015-04-08,965000.0,4,2.5,3420,9575,2.0,NO,NONE,Average,Excellent,3420,0.0,1994,98027,3310,8192
1825069072,2015-04-30,964000.0,3,2.5,3630,9475,2.0,NO,NONE,Average,Excellent,3630,0.0,1999,98074,3250,11605
9477580030,2014-10-14,962000.0,4,2.75,3340,5700,2.0,NO,NONE,Average,Excellent,3340,0.0,2013,98059,3340,6940
98000560,2014-08-16,959900.0,4,3.75,3550,15151,2.0,NO,NONE,Average,Excellent,3550,0.0,2004,98075,4340,15151
3629921000,2014-11-21,950000.0,4,2.5,3700,7051,2.0,NO,NONE,Average,Excellent,3700,0.0,2006,98029,3580,6175
3293400010,2015-03-04,950000.0,5,2.5,3450,35880,2.0,NO,NONE,Average,Excellent,3450,0.0,1992,98052,3450,26820
293800680,2015-04-15,949000.0,4,3.0,4270,85643,2.0,NO,NONE,Average,Excellent,4270,0.0,1991,98077,3760,51170
98000740,2015-04-01,945000.0,5,3.5,4380,14925,2.0,NO,NONE,Average,Excellent,4380,0.0,2003,98075,4310,14633
225079036,2015-01-07,937500.0,4,4.0,5545,871200,2.0,NO,NONE,Average,Excellent,3605,1940.0,2003,98014,3420,871200
3303980650,2014-08-27,935000.0,4,3.5,3510,11200,2.0,NO,NONE,Average,Excellent,3510,0.0,2001,98059,3600,12124
4139430910,2014-10-21,935000.0,4,3.25,4110,15488,2.0,NO,AVERAGE,Average,Excellent,4110,0.0,1995,98006,4190,14973
2025770560,2014-11-03,930000.0,4,4.25,5710,24663,2.0,NO,NONE,Average,Excellent,5710,0.0,2007,98092,4060,23847
5608000590,2014-07-14,929950.0,3,3.5,3790,10829,2.0,NO,NONE,Average,Excellent,3790,0.0,1993,98027,3620,10989
2481630070,2015-01-28,914600.0,4,3.0,3180,80837,2.0,NO,NONE,Average,Excellent,3180,0.0,1985,98072,3180,38715
8691310070,2014-06-18,913000.0,4,2.5,3640,10576,2.0,NO,NONE,Average,Excellent,3640,0.0,1999,98075,3370,10351
4139430810,2014-08-01,912000.0,3,2.5,2979,17313,2.0,NO,AVERAGE,Average,Excellent,2979,0.0,1993,98006,3890,14797
3629920990,2014-06-23,905000.0,4,3.25,3440,7661,2.0,NO,NONE,Average,Excellent,3440,0.0,2006,98029,3580,6478
7504010570,2014-07-08,900000.0,3,2.5,3180,12600,2.0,NO,NONE,Good,Excellent,3180,0.0,1978,98074,3030,12835
5418650080,2014-08-14,900000.0,4,2.5,3690,11468,2.0,NO,NONE,Average,Excellent,3690,0.0,1987,98027,3370,10751
2424059170,2015-02-19,900000.0,5,6.0,7120,40806,2.0,NO,EXCELLENT,Average,Luxury,5480,1640.0,2007,98006,3440,36859
4054530210,2015-02-18,896000.0,4,2.5,3560,46644,2.0,NO,NONE,Average,Excellent,3560,0.0,1992,98077,3520,50261
7701960250,2014-08-11,890000.0,4,2.75,3220,15467,2.0,NO,NONE,Average,Excellent,3220,0.0,1994,98077,3670,16641
5608010980,2014-10-07,878000.0,4,2.5,3480,13421,2.0,NO,NONE,Average,Excellent,3480,0.0,1995,98027,3290,9642
7701960210,2015-04-27,875000.0,4,2.5,3030,16000,2.0,NO,NONE,Average,Excellent,3030,0.0,1990,98077,3670,16641
7701961030,2015-01-29,875000.0,4,2.5,3600,21794,2.0,NO,NONE,Good,Excellent,3600,0.0,1990,98077,3410,19864
1924069115,2015-02-24,873000.0,3,2.25,2720,54450,2.0,NO,NONE,Average,Excellent,2720,0.0,1997,98027,3170,60548
7701960990,2014-08-19,870000.0,4,2.5,3190,14565,2.0,NO,NONE,Average,Excellent,3190,0.0,1990,98077,3420,20475
7701960990,2014-06-16,862000.0,4,2.5,3190,14565,2.0,NO,NONE,Average,Excellent,3190,0.0,1990,98077,3420,20475
8644210470,2015-03-18,845000.0,4,3.5,3350,19487,1.0,NO,NONE,Average,Excellent,2460,890.0,1992,98075,3360,19460
2355010090,2014-12-07,843500.0,3,2.5,3560,11448,2.0,NO,NONE,Average,Excellent,3560,0.0,1997,98052,3290,11506
3303990030,2014-10-27,840000.0,4,2.75,3040,13559,2.0,NO,NONE,Average,Excellent,3040,0.0,2003,98059,3830,12202
853600020,2014-07-10,840000.0,4,3.5,3840,85728,2.0,NO,NONE,Average,Excellent,3840,0.0,1998,98014,2430,42643
2025760160,2014-07-03,835000.0,4,4.25,4930,25714,2.0,NO,NONE,Average,Luxury,4930,0.0,2005,98092,3620,23035
1152600220,2014-06-23,831500.0,5,2.5,4470,35124,2.5,NO,NONE,Average,Excellent,4470,0.0,1984,98072,4050,34118
7701960130,2014-10-17,820000.0,3,2.5,2980,18935,1.5,NO,NONE,Average,Excellent,2980,0.0,1990,98077,3670,18225
8121100155,2015-02-25,810000.0,4,3.5,2700,2868,2.0,NO,NONE,Average,Excellent,1920,780.0,2006,98118,1430,3858
2195700050,2014-05-19,810000.0,4,2.5,3480,59242,2.0,NO,NONE,Average,Excellent,3480,0.0,1988,98072,2930,39400
4046600070,2014-06-19,805000.0,3,3.0,3910,19023,2.0,NO,NONE,Average,Excellent,3910,0.0,1985,98014,1860,15001
6817850110,2015-04-21,785000.0,4,2.5,3210,24527,1.5,NO,NONE,Average,Excellent,3210,0.0,1984,98074,3280,24527
5469650040,2015-03-16,784500.0,4,5.0,5820,13906,2.0,NO,NONE,Average,Excellent,3750,2070.0,1993,98042,2980,13000
629400480,2014-06-19,775000.0,4,2.75,3010,15992,2.0,NO,NONE,Average,Excellent,3010,0.0,1996,98075,3330,12333
8653600100,2015-03-30,750000.0,5,2.5,3120,15593,2.0,NO,EXCELLENT,Average,Excellent,3120,0.0,1986,98074,3390,17003
629400340,2014-12-22,750000.0,4,2.75,3430,13907,2.0,NO,NONE,Average,Excellent,3430,0.0,1995,98075,3250,13851
8644220070,2014-09-10,745000.0,4,2.5,2650,18903,2.0,NO,NONE,Average,Excellent,2650,0.0,1994,98075,3270,18843
5152960710,2014-05-14,740000.0,5,5.0,5774,31675,1.0,NO,AVERAGE,Average,Excellent,4490,1284.0,1984,98003,3260,13200
7680400140,2014-06-26,710000.0,3,3.25,3740,136915,2.5,NO,NONE,Average,Excellent,3100,640.0,1990,98166,2400,16104
9358400150,2015-02-06,635000.0,5,3.5,4150,13232,2.0,NO,NONE,Average,Excellent,4150,0.0,2006,98003,3840,15121
7937900040,2014-12-19,633000.0,5,2.75,3630,30570,2.0,NO,NONE,Average,Excellent,3630,?,2000,98058,3620,41965
1321720170,2014-08-17,610000.0,3,2.5,3440,18167,2.0,NO,NONE,Average,Excellent,3440,0.0,1991,98023,3990,20239
1321700030,2014-06-24,575000.0,4,2.5,4620,20793,2.0,NO,NONE,Good,Excellent,4620,0.0,1991,98023,3640,20793
7298040310,2014-05-23,556000.0,5,2.5,3840,16905,2.0,NO,NONE,Average,Excellent,3840,0.0,1991,98023,3270,12133
1560920450,2014-09-24,550000.0,4,3.0,4180,35169,2.0,NO,NONE,Average,Excellent,4180,0.0,1986,98038,3010,35190
7298050110,2015-03-03,420000.0,4,2.5,3360,11637,2.0,NO,NONE,Average,Excellent,3360,0.0,1990,98023,3530,11205
